1000
28447
8636
4729
31028
25119
14393
2761
15919
26033
8510
13004
25140
21938
11329
13036
26520
30842
24142
13270
27876
26812
17498
14205
12747
22189
16341
866
26719
25705
382
20
9860
8594
9851
12786
2980
27194
11177
12088
28324
11523
11057
14138
10263
23684
6236
20202
19634
4079
28072
1696
27648
5873
283
19739
10071
1242
29399
29635
13579
30462
27119
18480
9185
6747
4985
26352
29383
13436
6116
11141
20674
13213
31372
25006
6439
2575
6028
7144
24590
22750
13267
21299
8964
11698
21371
13337
29184
22515
19030
15597
9369
6448
15049
4433
28533
13506
30429
9978
28165
8876
30611
12216
29807
27078
24184
25776
15820
25883
13690
5868
19092
30863
24826
10519
854
30917
30754
22145
29613
19007
30585
27498
12655
31687
436
21116
17447
24590
8912
7065
8390
27284
18781
24535
3477
21447
27165
9929
622
18543
461
12545
22828
10313
26947
19410
25184
6130
12217
4699
12870
27143
28521
16320
14839
9099
20570
30395
223
8073
11641
8788
4722
5626
4075
21484
29723
2536
29858
17024
14197
25300
4142
20268
31934
13654
1238
13038
31113
32515
16104
14765
22450
22931
27469
11898
151
26948
15456
23829
10373
2681
28929
19635
11889
679
20964
6142
9193
14449
6447
1630
4426
14098
30789
19063
18994
252
12252
2547
26168
30142
28246
4737
12763
20267
26702
24605
11193
31161
24433
22675
25090
19495
2959
24638
17451
25187
6641
11286
15591
8106
14062
29930
10323
7153
21945
28649
31344
132
10877
12391
10711
6125
2732
22238
12968
5399
10132
12595
17860
21939
22323
12347
30780
9179
24396
22142
1801
15093
30394
1083
765
5083
28933
17580
30969
15417
18483
138
27233
15670
30944
14804
10701
21846
25745
13517
28673
2462
11846
12868
15648
20986
17742
7959
23068
25821
4703
23802
3697
26151
31462
2165
24083
32075
11932
24620
25508
5809
29530
12643
6891
21593
25390
28097
12162
29122
20654
20052
9166
7946
17804
10198
25652
5974
20331
21551
6794
30324
3825
21818
21964
4543
15646
5324
23057
22595
6876
26099
11453
32290
32471
11131
12535
30519
30094
18359
26718
1272
10155
14718
11255
23457
31375
2675
29034
8847
7986
29321
28783
21481
810
21703
15491
16262
22537
31049
9951
13579
9452
10376
31914
6484
5713
3035
30062
27414
41
30525
26057
31426
17967
80
2661
22956
7799
1698
32553
17516
25162
4399
14001
3204
24881
9512
1532
17732
27216
31219
6245
14315
32757
11891
24533
25359
26993
25481
21814
2367
5927
24539
7467
4838
3298
8404
25854
18290
18028
31980
3034
8630
19036
15145
27706
17293
24367
17381
22945
19649
5786
20179
9868
6443
8991
12861
18084
10779
11231
14223
24889
16122
4783
6425
26604
24877
24685
3345
1451
26429
19349
471
31203
13109
3343
28541
13296
12364
30539
25223
17113
21444
912
9199
27962
9490
18833
8813
1409
4415
5442
245
20061
3470
3817
28288
884
19807
10616
11023
23125
3923
19226
24045
4013
17841
25612
8501
21693
7689
26542
26261
12555
11287
23514
6481
11352
15337
29300
8587
21715
3908
24898
11457
30092
2629
27646
24471
4395
4932
21674
21719
29922
10749
9764
3510
30624
31218
3322
14169
14728
27659
12927
27031
30625
31616
19999
17153
18383
20984
24815
1567
20738
28403
20360
7165
21421
24165
19990
8166
5754
17059
21164
22640
2876
13699
475
16825
16420
17599
18818
3311
28985
3483
7655
14614
19970
15304
3335
10501
18309
28551
7211
23218
31350
20242
9148
9136
2472
18231
7512
5878
31943
16198
6181
30690
30537
17453
18278
24190
23458
28386
24396
28929
11959
2561
13326
22169
20374
15031
20284
18279
22372
12510
28496
24011
13718
8809
9606
3299
23653
5635
1517
24654
4475
16627
7614
26934
14067
31811
9197
31885
8320
5409
6143
9878
18668
31877
17179
30632
31685
6676
20323
3631
18259
17989
27013
499
19148
12226
8332
5277
13515
12305
30717
19319
1535
21363
24607
22131
27680
6156
2202
26735
18728
10309
16707
25783
15039
5231
23863
1483
13815
20393
19495
24931
2873
29699
24050
28081
26240
4579
25721
27622
8132
3752
10159
23543
28602
22158
24559
23969
23738
26065
10899
8875
29696
27926
11458
22123
8984
5382
22665
7819
17812
9532
2093
6413
15104
4705
25536
31629
6424
14229
17651
14278
20024
16145
3371
18776
18451
32267
8663
4297
29352
18394
768
24521
9074
31835
12321
6842
17631
21907
20282
4975
22020
14486
18976
308
4751
3495
22039
14863
22269
25504
6562
4422
5389
25237
25754
32545
27764
20916
11902
30193
15314
13423
20234
2129
15845
17118
9483
17580
1788
16734
8049
27136
30383
31615
23718
23009
29134
26141
21534
27584
30871
11468
15920
1389
27948
11898
11812
7387
7748
11599
4749
1828
27168
13784
4057
14540
3521
357
26918
23370
29784
22447
27479
23492
6910
13246
3687
22299
23717
12298
16638
1831
14926
32225
4674
5444
29565
27656
11760
30221
746
16549
24235
12903
21370
27228
2708
16834
16749
19641
24090
22939
15321
11214
6420
22085
6743
31517
12813
8426
31484
5048
17374
14029
15499
5542
31107
13777
26856
30857
27687
4671
9168
3966
10113
22980
29128
1093
18531
10169
27475
3490
27024
11943
12392
25858
21199
31499
12323
16226
7741
21334
6331
19821
18407
22840
948
1764
23448
20510
12886
17731
13552
11514
28253
29090
1462
21314
25330
18905
5743
9019
474
231
30000
15735
18670
16021
1712
8092
31691
16982
11681
32360
9674
11634
31809
242
30771
14435
9260
16691
22701
22399
6260
13764
13305
4824
5619
26857
26848
5473
1504
8399
24426
14162
28321
23826
8273
1997
26336
19842
181
6593
16097
9767
13841
6159
21523
29827
26222
25835
17125
23062
2263
18565
27354
20520
10764
29417
30944
22722
27003
21796
27614
16638
17003
5545
18316
22656
30075
9203
27015
16965
9803
12139
13477
17052
377
1419
1669
11889
32463
6980
11115
24529
5050
17821
17483
21419
27134
26014
21284
21716
28329
2924
24976
22606
19781
21685
30104
28362
11090
2638
18636
28523
14324
16667
30100
16333
25576
560
3777
23878
21948
15925
21863
2924
28224
4111
239
19415
28984
4797
19816
808
9811
20095
17438
28489
1633
318
29294
21239
18624
17960
728
31358
25879
24731
27734
32196
23879
